64-64
0,0,1,r
0,1,1,r
0,2,1,r
0,3,1,r
0,4,1,r
0,5,1,r
0,6,1,r
0,7,1,r
0,8,1,r
0,9,1,r
0,10,1,r
0,11,1,r
0,12,1,r
0,13,1,r
0,14,1,r
0,15,1,r
0,16,1,r
0,17,1,r
0,18,1,r
0,19,1,r
0,20,1,r
0,21,1,r
0,22,1,r
0,23,1,r
0,24,1,r
0,25,1,r
0,26,1,r
0,27,1,r
0,28,1,r
0,29,1,r
0,30,1,r
0,31,1,r
0,32,1,r
0,33,1,r
0,34,1,r
0,35,1,r
0,36,1,r
0,37,1,r
0,38,1,r
0,39,1,r
0,40,1,r
0,41,1,r
0,42,1,r
0,43,1,r
0,44,1,r
0,45,1,r
0,46,1,r
0,47,1,r
0,48,1,r
0,49,1,r
0,50,1,r
0,51,1,r
0,52,1,r
0,53,1,r
0,54,1,r
0,55,1,r
0,56,1,r
0,57,1,r
0,58,1,r
0,59,1,r
0,60,1,r
0,61,1,r
0,62,1,r
0,63,1,r
1,0,1,r
1,1,1,m
1,2,0,b
1,3,0,b
1,4,1,g
1,5,0,b
1,6,1,g
1,7,0,b
1,8,1,m
1,9,0,b
1,10,0,b
1,11,0,b
1,12,0,b
1,13,0,b
1,14,1,y
1,15,0,b
1,16,1,g
1,17,0,b
1,18,1,g
1,19,0,b
1,20,1,g
1,21,0,b
1,22,1,y
1,23,0,b
1,24,1,m
1,25,0,b
1,26,1,m
1,27,0,b
1,28,1,m
1,29,1,o
1,30,0,b
1,31,0,b
1,32,1,m
1,33,0,b
1,34,1,o
1,35,0,b
1,36,0,b
1,37,1,g
1,38,1,o
1,39,0,b
1,40,1,y
1,41,0,b
1,42,1,g
1,43,0,b
1,44,0,b
1,45,1,g
1,46,0,b
1,47,0,b
1,48,1,m
1,49,0,b
1,50,1,o
1,51,0,b
1,52,1,o
1,53,0,b
1,54,1,y
1,55,0,b
1,56,1,g
1,57,0,b
1,58,1,g
1,59,0,b
1,60,1,o
1,61,0,b
1,62,1,g
1,63,1,r
2,0,1,r
2,1,0,b
2,2,1,r
2,3,0,b
2,4,1,r
2,5,0,b
2,6,1,r
2,7,0,b
2,8,1,r
2,9,0,b
2,10,1,r
2,11,1,o
2,12,1,r
2,13,1,r
2,14,0,b
2,15,0,b
2,16,1,r
2,17,0,b
2,18,0,b
2,19,0,b
2,20,0,b
2,21,0,b
2,22,1,r
2,23,0,b
2,24,0,b
2,25,0,b
2,26,1,g
2,27,0,b
2,28,0,b
2,29,0,b
2,30,0,b
2,31,1,r
2,32,0,b
2,33,0,b
2,34,0,b
2,35,0,b
2,36,1,r
2,37,0,b
2,38,0,b
2,39,0,b
2,40,1,r
2,41,0,b
2,42,0,b
2,43,1,r
2,44,0,b
2,45,1,r
2,46,0,b
2,47,1,g
2,48,0,b
2,49,0,b
2,50,1,r
2,51,0,b
2,52,1,r
2,53,0,b
2,54,1,r
2,55,0,b
2,56,1,g
2,57,0,b
2,58,1,r
2,59,0,b
2,60,0,b
2,61,0,b
2,62,1,g
2,63,1,r
3,0,1,r
3,1,0,b
3,2,0,b
3,3,0,b
3,4,0,b
3,5,0,b
3,6,0,b
3,7,0,b
3,8,0,b
3,9,0,b
3,10,0,b
3,11,0,b
3,12,0,b
3,13,0,b
3,14,1,r
3,15,0,b
3,16,1,g
3,17,0,b
3,18,1,r
3,19,1,r
3,20,0,b
3,21,0,b
3,22,0,b
3,23,1,r
3,24,1,g
3,25,0,b
3,26,0,b
3,27,1,r
3,28,1,r
3,29,0,b
3,30,1,r
3,31,0,b
3,32,0,b
3,33,0,b
3,34,1,g
3,35,0,b
3,36,0,b
3,37,1,r
3,38,0,b
3,39,0,b
3,40,0,b
3,41,0,b
3,42,0,b
3,43,0,b
3,44,0,b
3,45,0,b
3,46,0,b
3,47,0,b
3,48,0,b
3,49,0,b
3,50,1,r
3,51,0,b
3,52,0,b
3,53,0,b
3,54,0,b
3,55,0,b
3,56,0,b
3,57,0,b
3,58,0,b
3,59,1,r
3,60,1,g
3,61,0,b
3,62,1,m
3,63,1,r
4,0,1,r
4,1,1,y
4,2,1,r
4,3,1,r
4,4,1,y
4,5,0,b
4,6,1,g
4,7,0,b
4,8,1,g
4,9,1,m
4,10,0,b
4,11,1,g
4,12,0,b
4,13,1,r
4,14,0,b
4,15,0,b
4,16,0,b
4,17,0,b
4,18,0,b
4,19,0,b
4,20,0,b
4,21,1,m
4,22,0,b
4,23,0,b
4,24,0,b
4,25,0,b
4,26,1,r
4,27,0,b
4,28,0,b
4,29,0,b
4,30,1,g
4,31,0,b
4,32,1,g
4,33,0,b
4,34,0,b
4,35,0,b
4,36,0,b
4,37,0,b
4,38,1,r
4,39,0,b
4,40,1,r
4,41,1,r
4,42,0,b
4,43,1,g
4,44,0,b
4,45,1,y
4,46,0,b
4,47,1,g
4,48,1,m
4,49,0,b
4,50,0,b
4,51,1,r
4,52,0,b
4,53,1,g
4,54,0,b
4,55,1,m
4,56,0,b
4,57,0,b
4,58,0,b
4,59,0,b
4,60,0,b
4,61,0,b
4,62,1,g
4,63,1,r
5,0,1,r
5,1,0,b
5,2,0,b
5,3,0,b
5,4,0,b
5,5,0,b
5,6,0,b
5,7,0,b
5,8,0,b
5,9,0,b
5,10,0,b
5,11,0,b
5,12,0,b
5,13,1,r
5,14,0,b
5,15,1,r
5,16,0,b
5,17,1,g
5,18,0,b
5,19,1,y
5,20,0,b
5,21,0,b
5,22,1,r
5,23,0,b
5,24,1,r
5,25,0,b
5,26,0,b
5,27,0,b
5,28,0,b
5,29,0,b
5,30,0,b
5,31,0,b
5,32,0,b
5,33,0,b
5,34,0,b
5,35,1,r
5,36,0,b
5,37,0,b
5,38,0,b
5,39,0,b
5,40,0,b
5,41,0,b
5,42,0,b
5,43,0,b
5,44,0,b
5,45,0,b
5,46,0,b
5,47,0,b
5,48,0,b
5,49,0,b
5,50,0,b
5,51,0,b
5,52,0,b
5,53,1,r
5,54,0,b
5,55,1,r
5,56,0,b
5,57,1,o
5,58,0,b
5,59,1,r
5,60,1,r
5,61,0,b
5,62,1,m
5,63,1,r
6,0,1,r
6,1,1,g
6,2,1,r
6,3,1,g
6,4,0,b
6,5,1,m
6,6,0,b
6,7,1,g
6,8,1,r
6,9,0,b
6,10,1,g
6,11,0,b
6,12,0,b
6,13,0,b
6,14,0,b
6,15,1,r
6,16,0,b
6,17,0,b
6,18,0,b
6,19,0,b
6,20,1,r
6,21,0,b
6,22,0,b
6,23,0,b
6,24,1,g
6,25,0,b
6,26,0,b
6,27,1,g
6,28,0,b
6,29,1,m
6,30,0,b
6,31,1,r
6,32,0,b
6,33,1,r
6,34,0,b
6,35,0,b
6,36,0,b
6,37,1,g
6,38,0,b
6,39,1,r
6,40,0,b
6,41,1,y
6,42,0,b
6,43,1,r
6,44,0,b
6,45,1,r
6,46,0,b
6,47,0,b
6,48,1,r
6,49,0,b
6,50,0,b
6,51,1,g
6,52,0,b
6,53,0,b
6,54,0,b
6,55,1,r
6,56,0,b
6,57,0,b
6,58,0,b
6,59,0,b
6,60,0,b
6,61,0,b
6,62,0,b
6,63,1,r
7,0,1,r
7,1,0,b
7,2,0,b
7,3,0,b
7,4,0,b
7,5,1,g
7,6,0,b
7,7,0,b
7,8,0,b
7,9,0,b
7,10,1,g
7,11,0,b
7,12,1,r
7,13,0,b
7,14,1,r
7,15,0,b
7,16,1,r
7,17,0,b
7,18,1,g
7,19,0,b
7,20,0,b
7,21,0,b
7,22,1,m
7,23,0,b
7,24,0,b
7,25,0,b
7,26,0,b
7,27,1,r
7,28,0,b
7,29,0,b
7,30,0,b
7,31,1,r
7,32,0,b
7,33,1,m
7,34,0,b
7,35,1,r
7,36,0,b
7,37,0,b
7,38,0,b
7,39,1,r
7,40,0,b
7,41,1,r
7,42,0,b
7,43,0,b
7,44,0,b
7,45,0,b
7,46,0,b
7,47,1,r
7,48,0,b
7,49,0,b
7,50,1,r
7,51,0,b
7,52,0,b
7,53,1,r
7,54,0,b
7,55,0,b
7,56,0,b
7,57,1,r
7,58,0,b
7,59,0,b
7,60,1,r
7,61,1,r
7,62,1,o
7,63,1,r
8,0,1,r
8,1,1,g
8,2,0,b
8,3,1,g
8,4,0,b
8,5,0,b
8,6,0,b
8,7,1,r
8,8,1,r
8,9,0,b
8,10,1,g
8,11,0,b
8,12,0,b
8,13,0,b
8,14,0,b
8,15,0,b
8,16,0,b
8,17,0,b
8,18,1,m
8,19,0,b
8,20,1,r
8,21,0,b
8,22,0,b
8,23,0,b
8,24,1,g
8,25,0,b
8,26,0,b
8,27,0,b
8,28,0,b
8,29,1,m
8,30,1,r
8,31,0,b
8,32,0,b
8,33,0,b
8,34,0,b
8,35,0,b
8,36,1,r
8,37,0,b
8,38,1,r
8,39,0,b
8,40,0,b
8,41,0,b
8,42,0,b
8,43,0,b
8,44,1,r
8,45,0,b
8,46,1,r
8,47,0,b
8,48,1,r
8,49,0,b
8,50,1,y
8,51,0,b
8,52,0,b
8,53,1,g
8,54,0,b
8,55,1,m
8,56,0,b
8,57,0,b
8,58,1,m
8,59,0,b
8,60,0,b
8,61,0,b
8,62,0,b
8,63,1,r
9,0,1,r
9,1,0,b
9,2,0,b
9,3,1,r
9,4,0,b
9,5,1,r
9,6,0,b
9,7,0,b
9,8,0,b
9,9,0,b
9,10,0,b
9,11,0,b
9,12,1,g
9,13,0,b
9,14,0,b
9,15,1,g
9,16,0,b
9,17,1,m
9,18,0,b
9,19,0,b
9,20,0,b
9,21,0,b
9,22,1,r
9,23,0,b
9,24,0,b
9,25,0,b
9,26,1,g
9,27,0,b
9,28,0,b
9,29,0,b
9,30,0,b
9,31,0,b
9,32,0,b
9,33,0,b
9,34,1,r
9,35,0,b
9,36,0,b
9,37,0,b
9,38,0,b
9,39,1,r
9,40,1,m
9,41,0,b
9,42,1,r
9,43,0,b
9,44,1,m
9,45,0,b
9,46,1,o
9,47,0,b
9,48,1,r
9,49,0,b
9,50,0,b
9,51,0,b
9,52,0,b
9,53,0,b
9,54,0,b
9,55,0,b
9,56,0,b
9,57,0,b
9,58,0,b
9,59,0,b
9,60,1,o
9,61,1,r
9,62,1,m
9,63,1,r
10,0,1,r
10,1,1,m
10,2,0,b
10,3,0,b
10,4,0,b
10,5,0,b
10,6,0,b
10,7,1,r
10,8,1,m
10,9,0,b
10,10,1,r
10,11,0,b
10,12,0,b
10,13,1,y
10,14,0,b
10,15,1,r
10,16,0,b
10,17,1,m
10,18,0,b
10,19,0,b
10,20,1,m
10,21,1,r
10,22,0,b
10,23,0,b
10,24,0,b
10,25,1,g
10,26,0,b
10,27,0,b
10,28,1,r
10,29,0,b
10,30,0,b
10,31,1,r
10,32,0,b
10,33,1,m
10,34,0,b
10,35,0,b
10,36,1,r
10,37,0,b
10,38,0,b
10,39,0,b
10,40,0,b
10,41,0,b
10,42,0,b
10,43,0,b
10,44,0,b
10,45,0,b
10,46,0,b
10,47,0,b
10,48,0,b
10,49,0,b
10,50,0,b
10,51,1,g
10,52,0,b
10,53,1,m
10,54,1,m
10,55,0,b
10,56,1,g
10,57,1,r
10,58,0,b
10,59,1,g
10,60,0,b
10,61,0,b
10,62,0,b
10,63,1,r
11,0,1,r
11,1,0,b
11,2,0,b
11,3,0,b
11,4,1,r
11,5,0,b
11,6,0,b
11,7,0,b
11,8,0,b
11,9,0,b
11,10,0,b
11,11,0,b
11,12,0,b
11,13,0,b
11,14,0,b
11,15,0,b
11,16,0,b
11,17,0,b
11,18,1,m
11,19,0,b
11,20,0,b
11,21,0,b
11,22,0,b
11,23,1,r
11,24,0,b
11,25,0,b
11,26,0,b
11,27,0,b
11,28,0,b
11,29,0,b
11,30,1,r
11,31,0,b
11,32,0,b
11,33,0,b
11,34,0,b
11,35,0,b
11,36,1,y
11,37,0,b
11,38,1,g
11,39,0,b
11,40,1,g
11,41,1,r
11,42,1,o
11,43,0,b
11,44,1,r
11,45,1,r
11,46,0,b
11,47,1,r
11,48,1,r
11,49,0,b
11,50,0,b
11,51,0,b
11,52,0,b
11,53,0,b
11,54,0,b
11,55,0,b
11,56,0,b
11,57,0,b
11,58,0,b
11,59,0,b
11,60,0,b
11,61,1,g
11,62,1,m
11,63,1,r
12,0,1,r
12,1,0,b
12,2,1,g
12,3,0,b
12,4,1,r
12,5,0,b
12,6,1,r
12,7,0,b
12,8,0,b
12,9,1,r
12,10,0,b
12,11,1,r
12,12,0,b
12,13,1,r
12,14,0,b
12,15,1,g
12,16,0,b
12,17,0,b
12,18,0,b
12,19,0,b
12,20,1,r
12,21,1,m
12,22,0,b
12,23,1,r
12,24,0,b
12,25,1,r
12,26,0,b
12,27,0,b
12,28,1,r
12,29,0,b
12,30,1,y
12,31,0,b
12,32,1,r
12,33,0,b
12,34,0,b
12,35,0,b
12,36,0,b
12,37,0,b
12,38,1,g
12,39,0,b
12,40,0,b
12,41,0,b
12,42,0,b
12,43,0,b
12,44,0,b
12,45,0,b
12,46,0,b
12,47,0,b
12,48,0,b
12,49,0,b
12,50,1,r
12,51,0,b
12,52,0,b
12,53,1,g
12,54,1,r
12,55,0,b
12,56,1,g
12,57,1,g
12,58,0,b
12,59,1,m
12,60,0,b
12,61,0,b
12,62,0,b
12,63,1,r
13,0,1,r
13,1,0,b
13,2,1,r
13,3,0,b
13,4,1,r
13,5,0,b
13,6,0,b
13,7,1,g
13,8,0,b
13,9,0,b
13,10,0,b
13,11,0,b
13,12,0,b
13,13,0,b
13,14,0,b
13,15,0,b
13,16,0,b
13,17,1,m
13,18,0,b
13,19,0,b
13,20,0,b
13,21,0,b
13,22,0,b
13,23,0,b
13,24,0,b
13,25,0,b
13,26,1,g
13,27,0,b
13,28,0,b
13,29,0,b
13,30,0,b
13,31,0,b
13,32,0,b
13,33,1,r
13,34,1,r
13,35,0,b
13,36,1,g
13,37,0,b
13,38,0,b
13,39,0,b
13,40,1,g
13,41,0,b
13,42,0,b
13,43,1,r
13,44,0,b
13,45,1,r
13,46,1,g
13,47,0,b
13,48,1,m
13,49,0,b
13,50,0,b
13,51,1,r
13,52,0,b
13,53,0,b
13,54,0,b
13,55,0,b
13,56,0,b
13,57,0,b
13,58,0,b
13,59,0,b
13,60,1,g
13,61,0,b
13,62,0,b
13,63,1,r
14,0,1,r
14,1,0,b
14,2,0,b
14,3,0,b
14,4,1,r
14,5,0,b
14,6,0,b
14,7,0,b
14,8,0,b
14,9,0,b
14,10,1,m
14,11,0,b
14,12,1,g
14,13,0,b
14,14,1,g
14,15,1,r
14,16,0,b
14,17,0,b
14,18,0,b
14,19,1,o
14,20,1,r
14,21,1,g
14,22,0,b
14,23,0,b
14,24,1,r
14,25,0,b
14,26,0,b
14,27,0,b
14,28,0,b
14,29,1,r
14,30,1,r
14,31,0,b
14,32,1,r
14,33,0,b
14,34,0,b
14,35,0,b
14,36,0,b
14,37,1,o
14,38,0,b
14,39,0,b
14,40,0,b
14,41,1,r
14,42,0,b
14,43,0,b
14,44,0,b
14,45,0,b
14,46,0,b
14,47,0,b
14,48,1,r
14,49,0,b
14,50,0,b
14,51,0,b
14,52,0,b
14,53,1,r
14,54,0,b
14,55,1,g
14,56,0,b
14,57,1,m
14,58,1,r
14,59,0,b
14,60,0,b
14,61,0,b
14,62,1,g
14,63,1,r
15,0,1,r
15,1,0,b
15,2,1,r
15,3,0,b
15,4,0,b
15,5,0,b
15,6,1,r
15,7,0,b
15,8,1,r
15,9,0,b
15,10,0,b
15,11,0,b
15,12,1,r
15,13,0,b
15,14,0,b
15,15,0,b
15,16,0,b
15,17,1,r
15,18,0,b
15,19,0,b
15,20,0,b
15,21,0,b
15,22,0,b
15,23,1,r
15,24,0,b
15,25,0,b
15,26,0,b
15,27,1,g
15,28,0,b
15,29,0,b
15,30,0,b
15,31,0,b
15,32,0,b
15,33,0,b
15,34,1,y
15,35,0,b
15,36,0,b
15,37,0,b
15,38,0,b
15,39,1,r
15,40,0,b
15,41,0,b
15,42,1,r
15,43,0,b
15,44,1,r
15,45,0,b
15,46,0,b
15,47,0,b
15,48,0,b
15,49,0,b
15,50,1,r
15,51,0,b
15,52,1,m
15,53,0,b
15,54,0,b
15,55,0,b
15,56,0,b
15,57,0,b
15,58,0,b
15,59,0,b
15,60,1,r
15,61,0,b
15,62,1,g
15,63,1,r
16,0,1,r
16,1,0,b
16,2,1,r
16,3,0,b
16,4,1,g
16,5,0,b
16,6,0,b
16,7,0,b
16,8,0,b
16,9,0,b
16,10,1,m
16,11,1,g
16,12,0,b
16,13,1,r
16,14,0,b
16,15,1,y
16,16,0,b
16,17,0,b
16,18,0,b
16,19,1,r
16,20,1,g
16,21,0,b
16,22,0,b
16,23,1,r
16,24,0,b
16,25,1,m
16,26,0,b
16,27,1,r
16,28,0,b
16,29,1,r
16,30,1,o
16,31,0,b
16,32,1,g
16,33,0,b
16,34,1,y
16,35,0,b
16,36,1,r
16,37,1,m
16,38,0,b
16,39,0,b
16,40,0,b
16,41,0,b
16,42,1,m
16,43,0,b
16,44,1,r
16,45,0,b
16,46,1,r
16,47,1,r
16,48,0,b
16,49,0,b
16,50,0,b
16,51,0,b
16,52,0,b
16,53,0,b
16,54,1,r
16,55,0,b
16,56,1,g
16,57,0,b
16,58,1,m
16,59,0,b
16,60,0,b
16,61,0,b
16,62,0,b
16,63,1,r
17,0,1,r
17,1,0,b
17,2,0,b
17,3,0,b
17,4,1,o
17,5,0,b
17,6,1,r
17,7,0,b
17,8,1,g
17,9,0,b
17,10,0,b
17,11,0,b
17,12,0,b
17,13,0,b
17,14,0,b
17,15,0,b
17,16,0,b
17,17,0,b
17,18,1,r
17,19,0,b
17,20,0,b
17,21,0,b
17,22,0,b
17,23,1,m
17,24,0,b
17,25,0,b
17,26,0,b
17,27,0,b
17,28,0,b
17,29,0,b
17,30,0,b
17,31,0,b
17,32,0,b
17,33,0,b
17,34,1,g
17,35,0,b
17,36,0,b
17,37,0,b
17,38,0,b
17,39,1,r
17,40,0,b
17,41,0,b
17,42,0,b
17,43,0,b
17,44,0,b
17,45,0,b
17,46,0,b
17,47,0,b
17,48,0,b
17,49,1,r
17,50,1,m
17,51,0,b
17,52,1,r
17,53,0,b
17,54,1,r
17,55,0,b
17,56,1,g
17,57,0,b
17,58,0,b
17,59,0,b
17,60,1,y
17,61,1,r
17,62,1,g
17,63,1,r
18,0,1,r
18,1,0,b
18,2,1,r
18,3,0,b
18,4,1,m
18,5,0,b
18,6,1,o
18,7,0,b
18,8,0,b
18,9,0,b
18,10,1,g
18,11,0,b
18,12,1,r
18,13,0,b
18,14,1,r
18,15,1,r
18,16,1,r
18,17,0,b
18,18,0,b
18,19,0,b
18,20,1,r
18,21,1,r
18,22,0,b
18,23,0,b
18,24,0,b
18,25,1,m
18,26,0,b
18,27,1,y
18,28,1,r
18,29,0,b
18,30,1,r
18,31,1,r
18,32,0,b
18,33,0,b
18,34,0,b
18,35,0,b
18,36,1,r
18,37,1,m
18,38,0,b
18,39,1,r
18,40,0,b
18,41,1,r
18,42,0,b
18,43,1,g
18,44,0,b
18,45,1,y
18,46,0,b
18,47,0,b
18,48,0,b
18,49,0,b
18,50,0,b
18,51,0,b
18,52,1,g
18,53,0,b
18,54,0,b
18,55,0,b
18,56,0,b
18,57,0,b
18,58,1,g
18,59,0,b
18,60,0,b
18,61,0,b
18,62,0,b
18,63,1,r
19,0,1,r
19,1,0,b
19,2,1,o
19,3,0,b
19,4,0,b
19,5,0,b
19,6,0,b
19,7,0,b
19,8,0,b
19,9,1,g
19,10,0,b
19,11,1,r
19,12,0,b
19,13,0,b
19,14,0,b
19,15,0,b
19,16,0,b
19,17,1,r
19,18,0,b
19,19,1,g
19,20,0,b
19,21,0,b
19,22,1,r
19,23,1,o
19,24,0,b
19,25,0,b
19,26,0,b
19,27,0,b
19,28,0,b
19,29,0,b
19,30,0,b
19,31,0,b
19,32,0,b
19,33,1,r
19,34,0,b
19,35,1,r
19,36,0,b
19,37,0,b
19,38,0,b
19,39,0,b
19,40,0,b
19,41,0,b
19,42,0,b
19,43,1,r
19,44,0,b
19,45,0,b
19,46,1,g
19,47,1,o
19,48,0,b
19,49,1,r
19,50,0,b
19,51,0,b
19,52,0,b
19,53,0,b
19,54,0,b
19,55,1,r
19,56,1,g
19,57,0,b
19,58,0,b
19,59,0,b
19,60,1,g
19,61,0,b
19,62,1,g
19,63,1,r
20,0,1,r
20,1,0,b
20,2,0,b
20,3,0,b
20,4,1,g
20,5,1,r
20,6,0,b
20,7,1,r
20,8,0,b
20,9,0,b
20,10,0,b
20,11,1,r
20,12,0,b
20,13,1,r
20,14,0,b
20,15,1,y
20,16,0,b
20,17,0,b
20,18,0,b
20,19,0,b
20,20,0,b
20,21,0,b
20,22,0,b
20,23,0,b
20,24,0,b
20,25,1,r
20,26,0,b
20,27,0,b
20,28,0,b
20,29,1,r
20,30,1,m
20,31,1,r
20,32,0,b
20,33,0,b
20,34,0,b
20,35,1,r
20,36,0,b
20,37,1,m
20,38,0,b
20,39,1,r
20,40,0,b
20,41,1,r
20,42,0,b
20,43,1,r
20,44,0,b
20,45,0,b
20,46,0,b
20,47,0,b
20,48,0,b
20,49,0,b
20,50,0,b
20,51,1,o
20,52,0,b
20,53,1,g
20,54,0,b
20,55,0,b
20,56,0,b
20,57,0,b
20,58,1,r
20,59,0,b
20,60,0,b
20,61,0,b
20,62,1,m
20,63,1,r
21,0,1,r
21,1,0,b
21,2,1,r
21,3,0,b
21,4,0,b
21,5,0,b
21,6,0,b
21,7,0,b
21,8,0,b
21,9,1,r
21,10,0,b
21,11,0,b
21,12,0,b
21,13,0,b
21,14,0,b
21,15,1,m
21,16,0,b
21,17,1,y
21,18,1,r
21,19,1,g
21,20,0,b
21,21,1,r
21,22,0,b
21,23,1,r
21,24,0,b
21,25,0,b
21,26,1,r
21,27,0,b
21,28,1,r
21,29,0,b
21,30,0,b
21,31,0,b
21,32,0,b
21,33,1,r
21,34,0,b
21,35,0,b
21,36,0,b
21,37,1,m
21,38,0,b
21,39,0,b
21,40,0,b
21,41,0,b
21,42,0,b
21,43,0,b
21,44,0,b
21,45,1,g
21,46,0,b
21,47,1,y
21,48,0,b
21,49,1,r
21,50,0,b
21,51,0,b
21,52,0,b
21,53,0,b
21,54,1,o
21,55,0,b
21,56,1,g
21,57,0,b
21,58,1,y
21,59,0,b
21,60,1,r
21,61,0,b
21,62,0,b
21,63,1,r
22,0,1,r
22,1,0,b
22,2,1,r
22,3,0,b
22,4,1,y
22,5,0,b
22,6,0,b
22,7,1,r
22,8,0,b
22,9,1,r
22,10,0,b
22,11,1,r
22,12,0,b
22,13,1,r
22,14,0,b
22,15,0,b
22,16,0,b
22,17,0,b
22,18,0,b
22,19,0,b
22,20,0,b
22,21,1,r
22,22,0,b
22,23,1,r
22,24,0,b
22,25,0,b
22,26,0,b
22,27,0,b
22,28,0,b
22,29,0,b
22,30,0,b
22,31,1,r
22,32,0,b
22,33,1,g
22,34,0,b
22,35,1,r
22,36,0,b
22,37,0,b
22,38,0,b
22,39,0,b
22,40,1,r
22,41,0,b
22,42,1,r
22,43,1,r
22,44,0,b
22,45,1,r
22,46,0,b
22,47,0,b
22,48,0,b
22,49,0,b
22,50,1,g
22,51,0,b
22,52,1,r
22,53,0,b
22,54,0,b
22,55,0,b
22,56,0,b
22,57,0,b
22,58,0,b
22,59,0,b
22,60,0,b
22,61,1,m
22,62,1,o
22,63,1,r
23,0,1,r
23,1,0,b
23,2,0,b
23,3,0,b
23,4,0,b
23,5,1,g
23,6,0,b
23,7,1,g
23,8,0,b
23,9,0,b
23,10,0,b
23,11,0,b
23,12,0,b
23,13,0,b
23,14,0,b
23,15,1,o
23,16,1,g
23,17,0,b
23,18,1,r
23,19,1,o
23,20,0,b
23,21,0,b
23,22,0,b
23,23,0,b
23,24,1,y
23,25,0,b
23,26,1,r
23,27,0,b
23,28,1,o
23,29,1,g
23,30,0,b
23,31,0,b
23,32,0,b
23,33,0,b
23,34,0,b
23,35,0,b
23,36,1,r
23,37,0,b
23,38,0,b
23,39,1,r
23,40,0,b
23,41,0,b
23,42,0,b
23,43,0,b
23,44,0,b
23,45,1,r
23,46,0,b
23,47,1,g
23,48,0,b
23,49,1,g
23,50,0,b
23,51,0,b
23,52,0,b
23,53,0,b
23,54,1,r
23,55,0,b
23,56,1,r
23,57,0,b
23,58,1,g
23,59,1,r
23,60,0,b
23,61,0,b
23,62,0,b
23,63,1,r
24,0,1,r
24,1,0,b
24,2,1,r
24,3,0,b
24,4,0,b
24,5,0,b
24,6,0,b
24,7,0,b
24,8,0,b
24,9,0,b
24,10,1,g
24,11,1,r
24,12,1,r
24,13,0,b
24,14,0,b
24,15,0,b
24,16,0,b
24,17,0,b
24,18,0,b
24,19,0,b
24,20,0,b
24,21,1,r
24,22,1,r
24,23,0,b
24,24,0,b
24,25,0,b
24,26,0,b
24,27,0,b
24,28,0,b
24,29,0,b
24,30,0,b
24,31,0,b
24,32,1,r
24,33,0,b
24,34,1,r
24,35,0,b
24,36,1,g
24,37,0,b
24,38,1,g
24,39,0,b
24,40,1,r
24,41,1,r
24,42,0,b
24,43,1,r
24,44,0,b
24,45,0,b
24,46,0,b
24,47,0,b
24,48,0,b
24,49,0,b
24,50,0,b
24,51,1,r
24,52,1,r
24,53,0,b
24,54,0,b
24,55,0,b
24,56,1,g
24,57,0,b
24,58,0,b
24,59,0,b
24,60,0,b
24,61,1,r
24,62,0,b
24,63,1,r
25,0,1,r
25,1,1,g
25,2,0,b
25,3,1,r
25,4,0,b
25,5,1,m
25,6,0,b
25,7,1,g
25,8,1,r
25,9,0,b
25,10,0,b
25,11,0,b
25,12,0,b
25,13,1,r
25,14,1,g
25,15,0,b
25,16,0,b
25,17,0,b
25,18,0,b
25,19,1,g
25,20,0,b
25,21,0,b
25,22,0,b
25,23,0,b
25,24,1,m
25,25,0,b
25,26,1,r
25,27,0,b
25,28,1,r
25,29,1,r
25,30,0,b
25,31,0,b
25,32,1,r
25,33,0,b
25,34,0,b
25,35,0,b
25,36,0,b
25,37,0,b
25,38,0,b
25,39,0,b
25,40,0,b
25,41,0,b
25,42,0,b
25,43,0,b
25,44,0,b
25,45,0,b
25,46,1,r
25,47,1,g
25,48,0,b
25,49,1,g
25,50,0,b
25,51,0,b
25,52,0,b
25,53,0,b
25,54,1,r
25,55,0,b
25,56,0,b
25,57,1,r
25,58,0,b
25,59,1,r
25,60,0,b
25,61,1,r
25,62,0,b
25,63,1,r
26,0,1,r
26,1,0,b
26,2,0,b
26,3,0,b
26,4,0,b
26,5,0,b
26,6,0,b
26,7,0,b
26,8,0,b
26,9,0,b
26,10,0,b
26,11,1,o
26,12,0,b
26,13,0,b
26,14,0,b
26,15,0,b
26,16,1,g
26,17,1,m
26,18,0,b
26,19,0,b
26,20,0,b
26,21,1,r
26,22,0,b
26,23,1,m
26,24,0,b
26,25,0,b
26,26,0,b
26,27,0,b
26,28,0,b
26,29,0,b
26,30,1,r
26,31,0,b
26,32,0,b
26,33,0,b
26,34,1,r
26,35,0,b
26,36,0,b
26,37,1,r
26,38,0,b
26,39,1,r
26,40,0,b
26,41,1,r
26,42,0,b
26,43,1,m
26,44,1,r
26,45,0,b
26,46,0,b
26,47,0,b
26,48,0,b
26,49,0,b
26,50,1,r
26,51,0,b
26,52,1,g
26,53,0,b
26,54,0,b
26,55,0,b
26,56,0,b
26,57,1,r
26,58,0,b
26,59,1,r
26,60,0,b
26,61,1,m
26,62,0,b
26,63,1,r
27,0,1,r
27,1,1,o
27,2,1,g
27,3,1,r
27,4,1,r
27,5,0,b
27,6,0,b
27,7,1,r
27,8,0,b
27,9,1,g
27,10,0,b
27,11,0,b
27,12,0,b
27,13,1,g
27,14,0,b
27,15,0,b
27,16,0,b
27,17,0,b
27,18,0,b
27,19,1,r
27,20,0,b
27,21,0,b
27,22,0,b
27,23,0,b
27,24,0,b
27,25,1,r
27,26,0,b
27,27,1,r
27,28,1,r
27,29,0,b
27,30,0,b
27,31,0,b
27,32,1,r
27,33,0,b
27,34,0,b
27,35,1,m
27,36,0,b
27,37,0,b
27,38,0,b
27,39,0,b
27,40,0,b
27,41,1,m
27,42,0,b
27,43,0,b
27,44,0,b
27,45,0,b
27,46,1,r
27,47,0,b
27,48,1,m
27,49,0,b
27,50,0,b
27,51,0,b
27,52,1,r
27,53,0,b
27,54,1,r
27,55,1,m
27,56,0,b
27,57,0,b
27,58,0,b
27,59,0,b
27,60,0,b
27,61,0,b
27,62,0,b
27,63,1,r
28,0,1,r
28,1,0,b
28,2,0,b
28,3,0,b
28,4,0,b
28,5,0,b
28,6,0,b
28,7,0,b
28,8,0,b
28,9,0,b
28,10,1,r
28,11,0,b
28,12,0,b
28,13,1,r
28,14,0,b
28,15,0,b
28,16,1,m
28,17,0,b
28,18,1,r
28,19,0,b
28,20,1,r
28,21,0,b
28,22,1,g
28,23,0,b
28,24,1,r
28,25,0,b
28,26,0,b
28,27,0,b
28,28,0,b
28,29,0,b
28,30,1,r
28,31,0,b
28,32,1,r
28,33,0,b
28,34,1,m
28,35,0,b
28,36,0,b
28,37,1,r
28,38,1,g
28,39,1,g
28,40,0,b
28,41,0,b
28,42,0,b
28,43,1,r
28,44,1,g
28,45,0,b
28,46,1,g
28,47,0,b
28,48,0,b
28,49,0,b
28,50,1,r
28,51,0,b
28,52,1,g
28,53,0,b
28,54,0,b
28,55,0,b
28,56,0,b
28,57,1,g
28,58,1,r
28,59,0,b
28,60,1,r
28,61,0,b
28,62,1,m
28,63,1,r
29,0,1,r
29,1,0,b
29,2,1,g
29,3,0,b
29,4,1,r
29,5,0,b
29,6,1,g
29,7,0,b
29,8,1,r
29,9,0,b
29,10,0,b
29,11,0,b
29,12,1,g
29,13,0,b
29,14,0,b
29,15,0,b
29,16,1,r
29,17,0,b
29,18,0,b
29,19,0,b
29,20,0,b
29,21,0,b
29,22,0,b
29,23,0,b
29,24,0,b
29,25,0,b
29,26,1,o
29,27,0,b
29,28,1,g
29,29,0,b
29,30,0,b
29,31,0,b
29,32,0,b
29,33,0,b
29,34,0,b
29,35,0,b
29,36,0,b
29,37,0,b
29,38,0,b
29,39,0,b
29,40,0,b
29,41,1,r
29,42,0,b
29,43,0,b
29,44,0,b
29,45,0,b
29,46,0,b
29,47,0,b
29,48,1,r
29,49,0,b
29,50,0,b
29,51,0,b
29,52,0,b
29,53,0,b
29,54,1,m
29,55,1,g
29,56,0,b
29,57,0,b
29,58,0,b
29,59,0,b
29,60,1,r
29,61,0,b
29,62,0,b
29,63,1,r
30,0,1,r
30,1,0,b
30,2,1,o
30,3,0,b
30,4,0,b
30,5,0,b
30,6,0,b
30,7,0,b
30,8,0,b
30,9,1,r
30,10,0,b
30,11,1,g
30,12,0,b
30,13,0,b
30,14,1,r
30,15,0,b
30,16,1,r
30,17,0,b
30,18,0,b
30,19,1,r
30,20,0,b
30,21,1,g
30,22,0,b
30,23,1,r
30,24,0,b
30,25,0,b
30,26,1,r
30,27,0,b
30,28,0,b
30,29,1,m
30,30,0,b
30,31,1,o
30,32,0,b
30,33,0,b
30,34,1,r
30,35,0,b
30,36,1,g
30,37,0,b
30,38,1,m
30,39,1,r
30,40,0,b
30,41,0,b
30,42,0,b
30,43,1,y
30,44,0,b
30,45,1,m
30,46,0,b
30,47,0,b
30,48,0,b
30,49,0,b
30,50,0,b
30,51,1,r
30,52,1,r
30,53,0,b
30,54,0,b
30,55,0,b
30,56,1,r
30,57,0,b
30,58,1,r
30,59,0,b
30,60,1,m
30,61,0,b
30,62,1,g
30,63,1,r
31,0,1,r
31,1,0,b
31,2,0,b
31,3,0,b
31,4,0,b
31,5,1,r
31,6,0,b
31,7,1,y
31,8,0,b
31,9,0,b
31,10,0,b
31,11,0,b
31,12,0,b
31,13,0,b
31,14,0,b
31,15,1,g
31,16,0,b
31,17,0,b
31,18,0,b
31,19,1,m
31,20,0,b
31,21,0,b
31,22,1,r
31,23,0,b
31,24,0,b
31,25,1,g
31,26,0,b
31,27,0,b
31,28,0,b
31,29,0,b
31,30,0,b
31,31,0,b
31,32,1,r
31,33,0,b
31,34,1,y
31,35,0,b
31,36,1,r
31,37,0,b
31,38,0,b
31,39,0,b
31,40,0,b
31,41,1,r
31,42,0,b
31,43,1,r
31,44,0,b
31,45,1,r
31,46,0,b
31,47,1,m
31,48,1,r
31,49,1,g
31,50,0,b
31,51,0,b
31,52,0,b
31,53,0,b
31,54,1,m
31,55,0,b
31,56,1,g
31,57,0,b
31,58,0,b
31,59,0,b
31,60,0,b
31,61,0,b
31,62,0,b
31,63,1,r
32,0,1,r
32,1,1,g
32,2,1,g
32,3,0,b
32,4,0,b
32,5,1,r
32,6,0,b
32,7,0,b
32,8,1,r
32,9,0,b
32,10,1,g
32,11,0,b
32,12,1,o
32,13,1,g
32,14,0,b
32,15,0,b
32,16,0,b
32,17,1,m
32,18,0,b
32,19,0,b
32,20,0,b
32,21,0,b
32,22,0,b
32,23,0,b
32,24,1,g
32,25,0,b
32,26,0,b
32,27,1,r
32,28,0,b
32,29,1,r
32,30,1,g
32,31,0,b
32,32,1,r
32,33,0,b
32,34,0,b
32,35,0,b
32,36,0,b
32,37,0,b
32,38,1,r
32,39,1,m
32,40,0,b
32,41,0,b
32,42,0,b
32,43,1,m
32,44,0,b
32,45,0,b
32,46,0,b
32,47,0,b
32,48,0,b
32,49,0,b
32,50,0,b
32,51,0,b
32,52,1,g
32,53,0,b
32,54,0,b
32,55,1,g
32,56,0,b
32,57,0,b
32,58,0,b
32,59,1,m
32,60,1,r
32,61,0,b
32,62,1,m
32,63,1,r
33,0,1,r
33,1,0,b
33,2,0,b
33,3,0,b
33,4,1,r
33,5,0,b
33,6,0,b
33,7,0,b
33,8,0,b
33,9,1,r
33,10,0,b
33,11,0,b
33,12,0,b
33,13,0,b
33,14,0,b
33,15,1,r
33,16,0,b
33,17,1,r
33,18,0,b
33,19,1,y
33,20,1,r
33,21,1,r
33,22,1,m
33,23,0,b
33,24,0,b
33,25,0,b
33,26,0,b
33,27,0,b
33,28,0,b
33,29,0,b
33,30,0,b
33,31,0,b
33,32,1,r
33,33,0,b
33,34,1,g
33,35,0,b
33,36,1,r
33,37,0,b
33,38,0,b
33,39,0,b
33,40,0,b
33,41,1,r
33,42,0,b
33,43,0,b
33,44,1,g
33,45,0,b
33,46,1,r
33,47,0,b
33,48,1,m
33,49,0,b
33,50,1,r
33,51,0,b
33,52,1,r
33,53,0,b
33,54,0,b
33,55,0,b
33,56,0,b
33,57,1,r
33,58,0,b
33,59,0,b
33,60,0,b
33,61,0,b
33,62,1,y
33,63,1,r
34,0,1,r
34,1,0,b
34,2,1,g
34,3,0,b
34,4,0,b
34,5,1,r
34,6,0,b
34,7,1,o
34,8,0,b
34,9,0,b
34,10,1,g
34,11,0,b
34,12,1,m
34,13,0,b
34,14,1,r
34,15,0,b
34,16,0,b
34,17,0,b
34,18,0,b
34,19,0,b
34,20,0,b
34,21,0,b
34,22,0,b
34,23,0,b
34,24,1,m
34,25,0,b
34,26,1,r
34,27,0,b
34,28,0,b
34,29,1,r
34,30,1,o
34,31,0,b
34,32,0,b
34,33,0,b
34,34,0,b
34,35,0,b
34,36,1,y
34,37,0,b
34,38,0,b
34,39,1,r
34,40,0,b
34,41,0,b
34,42,1,g
34,43,0,b
34,44,0,b
34,45,0,b
34,46,1,r
34,47,0,b
34,48,1,r
34,49,0,b
34,50,0,b
34,51,0,b
34,52,0,b
34,53,0,b
34,54,0,b
34,55,1,g
34,56,0,b
34,57,1,r
34,58,0,b
34,59,1,r
34,60,1,r
34,61,0,b
34,62,0,b
34,63,1,r
35,0,1,r
35,1,0,b
35,2,1,g
35,3,0,b
35,4,0,b
35,5,0,b
35,6,1,r
35,7,0,b
35,8,0,b
35,9,0,b
35,10,0,b
35,11,0,b
35,12,0,b
35,13,0,b
35,14,0,b
35,15,1,g
35,16,0,b
35,17,1,r
35,18,0,b
35,19,1,g
35,20,1,r
35,21,1,g
35,22,1,r
35,23,0,b
35,24,0,b
35,25,0,b
35,26,0,b
35,27,0,b
35,28,1,g
35,29,0,b
35,30,0,b
35,31,0,b
35,32,1,g
35,33,0,b
35,34,1,o
35,35,0,b
35,36,0,b
35,37,0,b
35,38,1,r
35,39,0,b
35,40,0,b
35,41,0,b
35,42,0,b
35,43,0,b
35,44,1,r
35,45,0,b
35,46,0,b
35,47,0,b
35,48,0,b
35,49,1,r
35,50,0,b
35,51,1,r
35,52,1,r
35,53,1,o
35,54,0,b
35,55,1,r
35,56,0,b
35,57,0,b
35,58,0,b
35,59,0,b
35,60,0,b
35,61,0,b
35,62,1,y
35,63,1,r
36,0,1,r
36,1,0,b
36,2,0,b
36,3,1,r
36,4,1,r
36,5,0,b
36,6,0,b
36,7,0,b
36,8,0,b
36,9,1,g
36,10,0,b
36,11,1,o
36,12,0,b
36,13,1,r
36,14,0,b
36,15,0,b
36,16,0,b
36,17,0,b
36,18,0,b
36,19,0,b
36,20,0,b
36,21,0,b
36,22,0,b
36,23,0,b
36,24,1,g
36,25,0,b
36,26,1,r
36,27,0,b
36,28,0,b
36,29,0,b
36,30,1,y
36,31,0,b
36,32,0,b
36,33,0,b
36,34,0,b
36,35,1,r
36,36,0,b
36,37,0,b
36,38,0,b
36,39,0,b
36,40,1,r
36,41,0,b
36,42,0,b
36,43,1,r
36,44,0,b
36,45,1,r
36,46,0,b
36,47,0,b
36,48,0,b
36,49,0,b
36,50,0,b
36,51,0,b
36,52,0,b
36,53,0,b
36,54,0,b
36,55,0,b
36,56,1,g
36,57,1,m
36,58,0,b
36,59,1,o
36,60,0,b
36,61,1,r
36,62,0,b
36,63,1,r
37,0,1,r
37,1,1,o
37,2,1,g
37,3,0,b
37,4,0,b
37,5,1,r
37,6,1,r
37,7,1,g
37,8,0,b
37,9,1,r
37,10,0,b
37,11,1,g
37,12,0,b
37,13,1,g
37,14,0,b
37,15,1,y
37,16,1,r
37,17,0,b
37,18,1,m
37,19,0,b
37,20,1,m
37,21,0,b
37,22,1,r
37,23,0,b
37,24,1,r
37,25,0,b
37,26,1,y
37,27,0,b
37,28,1,g
37,29,1,o
37,30,0,b
37,31,0,b
37,32,1,r
37,33,1,r
37,34,0,b
37,35,0,b
37,36,0,b
37,37,1,r
37,38,1,r
37,39,0,b
37,40,0,b
37,41,1,r
37,42,0,b
37,43,1,g
37,44,0,b
37,45,0,b
37,46,1,g
37,47,0,b
37,48,1,g
37,49,0,b
37,50,1,r
37,51,1,r
37,52,0,b
37,53,1,g
37,54,0,b
37,55,0,b
37,56,0,b
37,57,0,b
37,58,0,b
37,59,1,r
37,60,0,b
37,61,1,o
37,62,0,b
37,63,1,r
38,0,1,r
38,1,0,b
38,2,0,b
38,3,0,b
38,4,0,b
38,5,0,b
38,6,0,b
38,7,0,b
38,8,0,b
38,9,0,b
38,10,0,b
38,11,0,b
38,12,0,b
38,13,0,b
38,14,0,b
38,15,0,b
38,16,0,b
38,17,0,b
38,18,1,m
38,19,0,b
38,20,1,r
38,21,0,b
38,22,0,b
38,23,0,b
38,24,0,b
38,25,0,b
38,26,0,b
38,27,0,b
38,28,0,b
38,29,0,b
38,30,0,b
38,31,0,b
38,32,0,b
38,33,0,b
38,34,0,b
38,35,1,m
38,36,0,b
38,37,0,b
38,38,0,b
38,39,0,b
38,40,1,o
38,41,0,b
38,42,0,b
38,43,0,b
38,44,0,b
38,45,0,b
38,46,0,b
38,47,0,b
38,48,0,b
38,49,0,b
38,50,0,b
38,51,0,b
38,52,0,b
38,53,0,b
38,54,1,r
38,55,1,r
38,56,1,m
38,57,0,b
38,58,0,b
38,59,0,b
38,60,0,b
38,61,0,b
38,62,0,b
38,63,1,r
39,0,1,r
39,1,1,m
39,2,1,r
39,3,1,m
39,4,0,b
39,5,1,g
39,6,1,o
39,7,0,b
39,8,1,g
39,9,0,b
39,10,1,y
39,11,1,r
39,12,0,b
39,13,0,b
39,14,1,g
39,15,0,b
39,16,1,m
39,17,0,b
39,18,0,b
39,19,0,b
39,20,0,b
39,21,1,y
39,22,0,b
39,23,1,r
39,24,0,b
39,25,1,g
39,26,0,b
39,27,1,m
39,28,0,b
39,29,1,y
39,30,0,b
39,31,1,r
39,32,0,b
39,33,1,r
39,34,0,b
39,35,0,b
39,36,0,b
39,37,0,b
39,38,1,r
39,39,0,b
39,40,0,b
39,41,0,b
39,42,1,r
39,43,1,g
39,44,1,m
39,45,0,b
39,46,1,g
39,47,1,r
39,48,0,b
39,49,0,b
39,50,0,b
39,51,0,b
39,52,1,y
39,53,0,b
39,54,0,b
39,55,0,b
39,56,0,b
39,57,0,b
39,58,1,m
39,59,1,r
39,60,0,b
39,61,1,y
39,62,1,m
39,63,1,r
40,0,1,r
40,1,0,b
40,2,0,b
40,3,0,b
40,4,0,b
40,5,0,b
40,6,0,b
40,7,0,b
40,8,1,r
40,9,0,b
40,10,0,b
40,11,0,b
40,12,1,o
40,13,0,b
40,14,1,r
40,15,0,b
40,16,1,r
40,17,0,b
40,18,1,r
40,19,0,b
40,20,0,b
40,21,0,b
40,22,0,b
40,23,0,b
40,24,0,b
40,25,1,r
40,26,0,b
40,27,1,r
40,28,0,b
40,29,1,r
40,30,0,b
40,31,0,b
40,32,0,b
40,33,0,b
40,34,0,b
40,35,1,r
40,36,0,b
40,37,0,b
40,38,1,r
40,39,0,b
40,40,1,y
40,41,0,b
40,42,0,b
40,43,0,b
40,44,0,b
40,45,0,b
40,46,0,b
40,47,0,b
40,48,0,b
40,49,1,m
40,50,1,r
40,51,0,b
40,52,1,r
40,53,0,b
40,54,1,r
40,55,0,b
40,56,1,o
40,57,0,b
40,58,0,b
40,59,0,b
40,60,0,b
40,61,0,b
40,62,0,b
40,63,1,r
41,0,1,r
41,1,1,o
41,2,0,b
41,3,1,o
41,4,0,b
41,5,1,r
41,6,0,b
41,7,0,b
41,8,0,b
41,9,1,r
41,10,1,g
41,11,0,b
41,12,0,b
41,13,0,b
41,14,0,b
41,15,0,b
41,16,0,b
41,17,0,b
41,18,0,b
41,19,0,b
41,20,1,r
41,21,1,o
41,22,0,b
41,23,1,g
41,24,0,b
41,25,1,o
41,26,0,b
41,27,1,m
41,28,0,b
41,29,0,b
41,30,1,r
41,31,1,r
41,32,0,b
41,33,1,g
41,34,0,b
41,35,0,b
41,36,1,r
41,37,0,b
41,38,0,b
41,39,1,g
41,40,0,b
41,41,0,b
41,42,0,b
41,43,1,r
41,44,1,o
41,45,0,b
41,46,0,b
41,47,0,b
41,48,1,y
41,49,0,b
41,50,0,b
41,51,0,b
41,52,1,r
41,53,0,b
41,54,0,b
41,55,0,b
41,56,0,b
41,57,1,r
41,58,0,b
41,59,1,r
41,60,0,b
41,61,1,r
41,62,0,b
41,63,1,r
42,0,1,r
42,1,0,b
42,2,0,b
42,3,1,r
42,4,0,b
42,5,1,g
42,6,0,b
42,7,1,r
42,8,0,b
42,9,0,b
42,10,0,b
42,11,0,b
42,12,1,g
42,13,1,r
42,14,0,b
42,15,1,r
42,16,1,o
42,17,0,b
42,18,1,y
42,19,0,b
42,20,0,b
42,21,0,b
42,22,0,b
42,23,1,r
42,24,0,b
42,25,0,b
42,26,0,b
42,27,0,b
42,28,0,b
42,29,0,b
42,30,0,b
42,31,0,b
42,32,0,b
42,33,1,r
42,34,0,b
42,35,0,b
42,36,0,b
42,37,1,r
42,38,0,b
42,39,0,b
42,40,1,g
42,41,0,b
42,42,1,r
42,43,0,b
42,44,0,b
42,45,0,b
42,46,1,g
42,47,0,b
42,48,0,b
42,49,0,b
42,50,1,m
42,51,0,b
42,52,0,b
42,53,0,b
42,54,1,r
42,55,1,y
42,56,0,b
42,57,1,r
42,58,0,b
42,59,0,b
42,60,0,b
42,61,0,b
42,62,0,b
42,63,1,r
43,0,1,r
43,1,1,m
43,2,0,b
43,3,0,b
43,4,0,b
43,5,0,b
43,6,0,b
43,7,0,b
43,8,0,b
43,9,0,b
43,10,1,r
43,11,0,b
43,12,0,b
43,13,0,b
43,14,0,b
43,15,0,b
43,16,0,b
43,17,0,b
43,18,0,b
43,19,0,b
43,20,1,r
43,21,0,b
43,22,1,g
43,23,0,b
43,24,0,b
43,25,1,r
43,26,0,b
43,27,1,o
43,28,1,r
43,29,0,b
43,30,1,m
43,31,0,b
43,32,1,r
43,33,0,b
43,34,0,b
43,35,1,g
43,36,0,b
43,37,0,b
43,38,0,b
43,39,0,b
43,40,0,b
43,41,0,b
43,42,0,b
43,43,1,r
43,44,0,b
43,45,1,g
43,46,0,b
43,47,1,o
43,48,0,b
43,49,1,r
43,50,0,b
43,51,0,b
43,52,1,g
43,53,0,b
43,54,0,b
43,55,0,b
43,56,0,b
43,57,0,b
43,58,0,b
43,59,0,b
43,60,1,r
43,61,0,b
43,62,1,g
43,63,1,r
44,0,1,r
44,1,0,b
44,2,0,b
44,3,0,b
44,4,1,r
44,5,0,b
44,6,1,o
44,7,0,b
44,8,1,r
44,9,1,g
44,10,0,b
44,11,0,b
44,12,0,b
44,13,1,o
44,14,0,b
44,15,1,g
44,16,0,b
44,17,1,m
44,18,1,m
44,19,0,b
44,20,0,b
44,21,0,b
44,22,1,m
44,23,0,b
44,24,1,r
44,25,0,b
44,26,0,b
44,27,0,b
44,28,0,b
44,29,0,b
44,30,1,o
44,31,0,b
44,32,0,b
44,33,1,r
44,34,0,b
44,35,0,b
44,36,0,b
44,37,1,m
44,38,1,r
44,39,1,m
44,40,0,b
44,41,1,r
44,42,0,b
44,43,0,b
44,44,0,b
44,45,0,b
44,46,0,b
44,47,0,b
44,48,0,b
44,49,0,b
44,50,0,b
44,51,0,b
44,52,0,b
44,53,0,b
44,54,1,m
44,55,0,b
44,56,1,y
44,57,1,m
44,58,1,m
44,59,0,b
44,60,0,b
44,61,0,b
44,62,0,b
44,63,1,r
45,0,1,r
45,1,1,g
45,2,1,r
45,3,0,b
45,4,1,m
45,5,0,b
45,6,1,r
45,7,0,b
45,8,0,b
45,9,0,b
45,10,0,b
45,11,1,r
45,12,0,b
45,13,0,b
45,14,0,b
45,15,0,b
45,16,0,b
45,17,0,b
45,18,0,b
45,19,0,b
45,20,1,r
45,21,0,b
45,22,0,b
45,23,0,b
45,24,0,b
45,25,0,b
45,26,1,r
45,27,1,r
45,28,0,b
45,29,0,b
45,30,1,g
45,31,0,b
45,32,0,b
45,33,0,b
45,34,0,b
45,35,1,r
45,36,0,b
45,37,0,b
45,38,0,b
45,39,0,b
45,40,0,b
45,41,0,b
45,42,1,r
45,43,0,b
45,44,1,g
45,45,1,y
45,46,0,b
45,47,1,r
45,48,0,b
45,49,1,y
45,50,1,r
45,51,1,r
45,52,0,b
45,53,1,g
45,54,0,b
45,55,0,b
45,56,0,b
45,57,0,b
45,58,0,b
45,59,0,b
45,60,1,g
45,61,0,b
45,62,1,g
45,63,1,r
46,0,1,r
46,1,0,b
46,2,0,b
46,3,0,b
46,4,0,b
46,5,0,b
46,6,0,b
46,7,0,b
46,8,1,r
46,9,0,b
46,10,0,b
46,11,1,r
46,12,0,b
46,13,1,o
46,14,0,b
46,15,1,r
46,16,1,m
46,17,0,b
46,18,1,g
46,19,0,b
46,20,0,b
46,21,0,b
46,22,1,r
46,23,1,r
46,24,1,r
46,25,0,b
46,26,0,b
46,27,0,b
46,28,0,b
46,29,1,r
46,30,0,b
46,31,0,b
46,32,1,g
46,33,0,b
46,34,1,m
46,35,0,b
46,36,1,r
46,37,0,b
46,38,0,b
46,39,1,r
46,40,0,b
46,41,0,b
46,42,0,b
46,43,0,b
46,44,0,b
46,45,0,b
46,46,0,b
46,47,1,m
46,48,0,b
46,49,0,b
46,50,0,b
46,51,0,b
46,52,0,b
46,53,0,b
46,54,0,b
46,55,0,b
46,56,1,g
46,57,0,b
46,58,1,r
46,59,0,b
46,60,1,r
46,61,0,b
46,62,0,b
46,63,1,r
47,0,1,r
47,1,1,g
47,2,1,m
47,3,1,o
47,4,0,b
47,5,0,b
47,6,1,r
47,7,0,b
47,8,0,b
47,9,0,b
47,10,1,r
47,11,0,b
47,12,0,b
47,13,1,r
47,14,0,b
47,15,0,b
47,16,0,b
47,17,0,b
47,18,0,b
47,19,1,r
47,20,0,b
47,21,0,b
47,22,0,b
47,23,0,b
47,24,0,b
47,25,1,r
47,26,1,r
47,27,0,b
47,28,0,b
47,29,0,b
47,30,1,g
47,31,0,b
47,32,1,r
47,33,0,b
47,34,0,b
47,35,0,b
47,36,1,r
47,37,0,b
47,38,0,b
47,39,1,g
47,40,0,b
47,41,1,r
47,42,1,r
47,43,0,b
47,44,1,g
47,45,0,b
47,46,0,b
47,47,0,b
47,48,0,b
47,49,1,r
47,50,0,b
47,51,1,r
47,52,0,b
47,53,1,r
47,54,1,r
47,55,0,b
47,56,0,b
47,57,1,r
47,58,0,b
47,59,0,b
47,60,1,g
47,61,0,b
47,62,1,g
47,63,1,r
48,0,1,r
48,1,0,b
48,2,0,b
48,3,0,b
48,4,0,b
48,5,1,r
48,6,0,b
48,7,0,b
48,8,1,r
48,9,0,b
48,10,0,b
48,11,0,b
48,12,0,b
48,13,0,b
48,14,1,r
48,15,0,b
48,16,0,b
48,17,1,r
48,18,0,b
48,19,0,b
48,20,0,b
48,21,1,r
48,22,1,o
48,23,0,b
48,24,0,b
48,25,0,b
48,26,0,b
48,27,0,b
48,28,1,g
48,29,0,b
48,30,1,m
48,31,0,b
48,32,0,b
48,33,1,r
48,34,0,b
48,35,1,r
48,36,0,b
48,37,0,b
48,38,0,b
48,39,0,b
48,40,0,b
48,41,0,b
48,42,0,b
48,43,0,b
48,44,1,r
48,45,0,b
48,46,1,r
48,47,0,b
48,48,0,b
48,49,1,r
48,50,0,b
48,51,1,r
48,52,0,b
48,53,0,b
48,54,0,b
48,55,1,r
48,56,0,b
48,57,1,r
48,58,0,b
48,59,0,b
48,60,1,o
48,61,0,b
48,62,1,m
48,63,1,r
49,0,1,r
49,1,0,b
49,2,1,r
49,3,0,b
49,4,0,b
49,5,0,b
49,6,0,b
49,7,1,r
49,8,0,b
49,9,0,b
49,10,1,r
49,11,1,r
49,12,0,b
49,13,0,b
49,14,0,b
49,15,1,r
49,16,0,b
49,17,0,b
49,18,1,r
49,19,1,y
49,20,0,b
49,21,0,b
49,22,0,b
49,23,0,b
49,24,1,r
49,25,0,b
49,26,1,r
49,27,0,b
49,28,0,b
49,29,0,b
49,30,0,b
49,31,0,b
49,32,0,b
49,33,0,b
49,34,0,b
49,35,1,y
49,36,0,b
49,37,1,r
49,38,0,b
49,39,1,g
49,40,0,b
49,41,1,r
49,42,1,m
49,43,0,b
49,44,0,b
49,45,0,b
49,46,0,b
49,47,0,b
49,48,1,r
49,49,0,b
49,50,0,b
49,51,0,b
49,52,0,b
49,53,1,r
49,54,0,b
49,55,0,b
49,56,0,b
49,57,0,b
49,58,0,b
49,59,0,b
49,60,0,b
49,61,0,b
49,62,0,b
49,63,1,r
50,0,1,r
50,1,0,b
50,2,1,g
50,3,0,b
50,4,1,r
50,5,0,b
50,6,1,r
50,7,0,b
50,8,0,b
50,9,0,b
50,10,0,b
50,11,0,b
50,12,0,b
50,13,1,g
50,14,0,b
50,15,1,r
50,16,0,b
50,17,0,b
50,18,0,b
50,19,0,b
50,20,0,b
50,21,1,o
50,22,1,r
50,23,0,b
50,24,0,b
50,25,0,b
50,26,0,b
50,27,1,g
50,28,1,m
50,29,0,b
50,30,1,r
50,31,0,b
50,32,0,b
50,33,1,r
50,34,0,b
50,35,0,b
50,36,0,b
50,37,0,b
50,38,0,b
50,39,0,b
50,40,0,b
50,41,0,b
50,42,0,b
50,43,0,b
50,44,1,r
50,45,0,b
50,46,1,o
50,47,0,b
50,48,0,b
50,49,0,b
50,50,1,g
50,51,1,r
50,52,0,b
50,53,0,b
50,54,1,y
50,55,1,y
50,56,1,o
50,57,0,b
50,58,1,r
50,59,1,r
50,60,1,y
50,61,0,b
50,62,1,m
50,63,1,r
51,0,1,r
51,1,0,b
51,2,0,b
51,3,0,b
51,4,0,b
51,5,0,b
51,6,0,b
51,7,0,b
51,8,1,g
51,9,1,m
51,10,0,b
51,11,1,g
51,12,0,b
51,13,0,b
51,14,0,b
51,15,0,b
51,16,1,r
51,17,0,b
51,18,1,g
51,19,0,b
51,20,0,b
51,21,0,b
51,22,0,b
51,23,0,b
51,24,1,r
51,25,0,b
51,26,0,b
51,27,0,b
51,28,0,b
51,29,0,b
51,30,0,b
51,31,1,r
51,32,0,b
51,33,1,m
51,34,0,b
51,35,1,r
51,36,1,r
51,37,0,b
51,38,1,r
51,39,0,b
51,40,1,g
51,41,1,g
51,42,1,m
51,43,0,b
51,44,1,r
51,45,0,b
51,46,0,b
51,47,1,r
51,48,0,b
51,49,1,m
51,50,0,b
51,51,0,b
51,52,0,b
51,53,0,b
51,54,0,b
51,55,0,b
51,56,0,b
51,57,0,b
51,58,0,b
51,59,0,b
51,60,0,b
51,61,0,b
51,62,0,b
51,63,1,r
52,0,1,r
52,1,1,o
52,2,0,b
52,3,1,g
52,4,0,b
52,5,1,g
52,6,0,b
52,7,0,b
52,8,0,b
52,9,0,b
52,10,0,b
52,11,0,b
52,12,1,g
52,13,0,b
52,14,1,r
52,15,0,b
52,16,0,b
52,17,0,b
52,18,0,b
52,19,0,b
52,20,1,g
52,21,1,o
52,22,0,b
52,23,1,r
52,24,0,b
52,25,0,b
52,26,1,y
52,27,0,b
52,28,1,r
52,29,1,m
52,30,0,b
52,31,1,m
52,32,0,b
52,33,0,b
52,34,0,b
52,35,0,b
52,36,0,b
52,37,0,b
52,38,0,b
52,39,0,b
52,40,0,b
52,41,0,b
52,42,0,b
52,43,0,b
52,44,0,b
52,45,1,r
52,46,0,b
52,47,1,o
52,48,0,b
52,49,0,b
52,50,0,b
52,51,1,r
52,52,0,b
52,53,1,m
52,54,0,b
52,55,1,r
52,56,1,r
52,57,1,r
52,58,0,b
52,59,1,o
52,60,1,r
52,61,1,r
52,62,0,b
52,63,1,r
53,0,1,r
53,1,0,b
53,2,0,b
53,3,0,b
53,4,0,b
53,5,1,g
53,6,0,b
53,7,1,y
53,8,1,r
53,9,0,b
53,10,1,r
53,11,0,b
53,12,0,b
53,13,0,b
53,14,0,b
53,15,1,g
53,16,0,b
53,17,0,b
53,18,1,r
53,19,0,b
53,20,0,b
53,21,0,b
53,22,0,b
53,23,0,b
53,24,0,b
53,25,0,b
53,26,1,r
53,27,0,b
53,28,0,b
53,29,0,b
53,30,0,b
53,31,0,b
53,32,0,b
53,33,1,r
53,34,0,b
53,35,0,b
53,36,0,b
53,37,1,r
53,38,0,b
53,39,1,m
53,40,0,b
53,41,1,r
53,42,0,b
53,43,0,b
53,44,0,b
53,45,0,b
53,46,0,b
53,47,0,b
53,48,0,b
53,49,1,r
53,50,0,b
53,51,0,b
53,52,0,b
53,53,1,r
53,54,0,b
53,55,0,b
53,56,0,b
53,57,0,b
53,58,0,b
53,59,0,b
53,60,0,b
53,61,0,b
53,62,0,b
53,63,1,r
54,0,1,r
54,1,1,m
54,2,0,b
54,3,1,r
54,4,0,b
54,5,0,b
54,6,0,b
54,7,0,b
54,8,0,b
54,9,0,b
54,10,0,b
54,11,0,b
54,12,1,g
54,13,1,g
54,14,0,b
54,15,1,o
54,16,0,b
54,17,0,b
54,18,1,g
54,19,0,b
54,20,1,r
54,21,0,b
54,22,1,m
54,23,1,r
54,24,0,b
54,25,0,b
54,26,0,b
54,27,0,b
54,28,1,g
54,29,1,g
54,30,1,r
54,31,0,b
54,32,1,m
54,33,0,b
54,34,1,y
54,35,0,b
54,36,1,r
54,37,0,b
54,38,0,b
54,39,0,b
54,40,0,b
54,41,0,b
54,42,1,r
54,43,1,r
54,44,1,m
54,45,0,b
54,46,1,r
54,47,1,r
54,48,0,b
54,49,1,r
54,50,0,b
54,51,1,r
54,52,0,b
54,53,0,b
54,54,0,b
54,55,1,r
54,56,0,b
54,57,1,r
54,58,0,b
54,59,1,o
54,60,0,b
54,61,1,g
54,62,1,g
54,63,1,r
55,0,1,r
55,1,1,m
55,2,0,b
55,3,0,b
55,4,1,g
55,5,0,b
55,6,1,r
55,7,0,b
55,8,1,r
55,9,0,b
55,10,1,g
55,11,0,b
55,12,0,b
55,13,0,b
55,14,0,b
55,15,0,b
55,16,0,b
55,17,0,b
55,18,0,b
55,19,0,b
55,20,0,b
55,21,0,b
55,22,0,b
55,23,0,b
55,24,0,b
55,25,1,r
55,26,1,r
55,27,0,b
55,28,0,b
55,29,0,b
55,30,0,b
55,31,0,b
55,32,0,b
55,33,0,b
55,34,0,b
55,35,0,b
55,36,0,b
55,37,1,r
55,38,1,r
55,39,0,b
55,40,1,r
55,41,0,b
55,42,0,b
55,43,0,b
55,44,0,b
55,45,0,b
55,46,0,b
55,47,0,b
55,48,0,b
55,49,0,b
55,50,0,b
55,51,1,r
55,52,0,b
55,53,1,r
55,54,0,b
55,55,0,b
55,56,0,b
55,57,1,o
55,58,0,b
55,59,1,r
55,60,0,b
55,61,0,b
55,62,0,b
55,63,1,r
56,0,1,r
56,1,0,b
56,2,1,m
56,3,0,b
56,4,0,b
56,5,0,b
56,6,1,r
56,7,0,b
56,8,1,r
56,9,0,b
56,10,1,g
56,11,0,b
56,12,1,r
56,13,1,o
56,14,0,b
56,15,1,r
56,16,1,r
56,17,1,g
56,18,0,b
56,19,1,y
56,20,0,b
56,21,0,b
56,22,1,r
56,23,0,b
56,24,1,r
56,25,0,b
56,26,0,b
56,27,1,r
56,28,0,b
56,29,1,r
56,30,1,r
56,31,1,r
56,32,0,b
56,33,0,b
56,34,1,r
56,35,1,g
56,36,0,b
56,37,0,b
56,38,0,b
56,39,0,b
56,40,0,b
56,41,0,b
56,42,1,m
56,43,0,b
56,44,1,r
56,45,0,b
56,46,1,r
56,47,0,b
56,48,1,r
56,49,1,g
56,50,0,b
56,51,0,b
56,52,0,b
56,53,0,b
56,54,0,b
56,55,1,g
56,56,0,b
56,57,1,y
56,58,0,b
56,59,1,o
56,60,0,b
56,61,0,b
56,62,0,b
56,63,1,r
57,0,1,r
57,1,0,b
57,2,0,b
57,3,0,b
57,4,1,y
57,5,0,b
57,6,0,b
57,7,0,b
57,8,1,r
57,9,0,b
57,10,0,b
57,11,0,b
57,12,0,b
57,13,0,b
57,14,0,b
57,15,0,b
57,16,0,b
57,17,0,b
57,18,0,b
57,19,0,b
57,20,0,b
57,21,1,r
57,22,0,b
57,23,0,b
57,24,0,b
57,25,0,b
57,26,0,b
57,27,0,b
57,28,0,b
57,29,0,b
57,30,0,b
57,31,0,b
57,32,0,b
57,33,1,r
57,34,0,b
57,35,0,b
57,36,1,g
57,37,1,g
57,38,0,b
57,39,0,b
57,40,1,r
57,41,0,b
57,42,1,m
57,43,0,b
57,44,0,b
57,45,0,b
57,46,0,b
57,47,0,b
57,48,0,b
57,49,0,b
57,50,0,b
57,51,1,r
57,52,0,b
57,53,1,r
57,54,0,b
57,55,1,r
57,56,0,b
57,57,0,b
57,58,0,b
57,59,0,b
57,60,0,b
57,61,1,r
57,62,1,m
57,63,1,r
58,0,1,r
58,1,1,g
58,2,1,r
58,3,0,b
58,4,0,b
58,5,0,b
58,6,1,r
58,7,0,b
58,8,0,b
58,9,0,b
58,10,1,g
58,11,0,b
58,12,1,m
58,13,1,m
58,14,0,b
58,15,0,b
58,16,1,r
58,17,0,b
58,18,1,r
58,19,0,b
58,20,1,r
58,21,0,b
58,22,0,b
58,23,1,r
58,24,0,b
58,25,1,m
58,26,1,r
58,27,0,b
58,28,0,b
58,29,1,r
58,30,0,b
58,31,1,o
58,32,0,b
58,33,0,b
58,34,0,b
58,35,0,b
58,36,0,b
58,37,0,b
58,38,0,b
58,39,1,g
58,40,0,b
58,41,0,b
58,42,1,r
58,43,0,b
58,44,0,b
58,45,1,r
58,46,1,r
58,47,0,b
58,48,1,r
58,49,0,b
58,50,0,b
58,51,1,r
58,52,0,b
58,53,0,b
58,54,0,b
58,55,1,m
58,56,0,b
58,57,1,r
58,58,1,r
58,59,0,b
58,60,1,g
58,61,0,b
58,62,0,b
58,63,1,r
59,0,1,r
59,1,0,b
59,2,0,b
59,3,0,b
59,4,1,r
59,5,0,b
59,6,1,r
59,7,0,b
59,8,1,r
59,9,0,b
59,10,1,g
59,11,0,b
59,12,0,b
59,13,0,b
59,14,1,r
59,15,0,b
59,16,0,b
59,17,0,b
59,18,1,r
59,19,0,b
59,20,1,g
59,21,0,b
59,22,0,b
59,23,1,r
59,24,0,b
59,25,0,b
59,26,0,b
59,27,0,b
59,28,1,r
59,29,0,b
59,30,0,b
59,31,1,y
59,32,0,b
59,33,1,r
59,34,0,b
59,35,1,m
59,36,1,r
59,37,1,y
59,38,0,b
59,39,0,b
59,40,0,b
59,41,0,b
59,42,0,b
59,43,0,b
59,44,1,r
59,45,0,b
59,46,0,b
59,47,0,b
59,48,0,b
59,49,0,b
59,50,1,g
59,51,0,b
59,52,0,b
59,53,1,r
59,54,0,b
59,55,0,b
59,56,0,b
59,57,0,b
59,58,0,b
59,59,0,b
59,60,0,b
59,61,0,b
59,62,1,g
59,63,1,r
60,0,1,r
60,1,1,g
60,2,1,r
60,3,0,b
60,4,1,r
60,5,0,b
60,6,0,b
60,7,0,b
60,8,0,b
60,9,0,b
60,10,0,b
60,11,0,b
60,12,1,r
60,13,0,b
60,14,0,b
60,15,0,b
60,16,1,g
60,17,0,b
60,18,0,b
60,19,0,b
60,20,0,b
60,21,0,b
60,22,0,b
60,23,0,b
60,24,0,b
60,25,0,b
60,26,1,r
60,27,0,b
60,28,0,b
60,29,0,b
60,30,0,b
60,31,0,b
60,32,0,b
60,33,0,b
60,34,0,b
60,35,0,b
60,36,0,b
60,37,0,b
60,38,0,b
60,39,1,r
60,40,0,b
60,41,1,r
60,42,0,b
60,43,0,b
60,44,0,b
60,45,0,b
60,46,1,r
60,47,1,o
60,48,0,b
60,49,0,b
60,50,0,b
60,51,0,b
60,52,0,b
60,53,0,b
60,54,1,g
60,55,0,b
60,56,1,r
60,57,0,b
60,58,1,r
60,59,1,r
60,60,0,b
60,61,1,r
60,62,0,b
60,63,1,r
61,0,1,r
61,1,0,b
61,2,0,b
61,3,0,b
61,4,0,b
61,5,0,b
61,6,1,r
61,7,1,g
61,8,0,b
61,9,1,r
61,10,0,b
61,11,0,b
61,12,0,b
61,13,1,g
61,14,0,b
61,15,1,r
61,16,0,b
61,17,0,b
61,18,0,b
61,19,1,r
61,20,1,m
61,21,0,b
61,22,1,g
61,23,0,b
61,24,1,r
61,25,0,b
61,26,0,b
61,27,1,r
61,28,0,b
61,29,1,r
61,30,0,b
61,31,1,g
61,32,0,b
61,33,1,g
61,34,0,b
61,35,1,r
61,36,0,b
61,37,1,r
61,38,0,b
61,39,0,b
61,40,0,b
61,41,0,b
61,42,1,r
61,43,0,b
61,44,1,m
61,45,0,b
61,46,0,b
61,47,0,b
61,48,0,b
61,49,1,r
61,50,1,m
61,51,1,m
61,52,1,o
61,53,0,b
61,54,1,g
61,55,0,b
61,56,0,b
61,57,0,b
61,58,0,b
61,59,0,b
61,60,0,b
61,61,0,b
61,62,0,b
61,63,1,r
62,0,1,r
62,1,1,o
62,2,0,b
62,3,1,m
62,4,1,g
62,5,0,b
62,6,0,b
62,7,0,b
62,8,0,b
62,9,1,m
62,10,0,b
62,11,1,g
62,12,0,b
62,13,1,m
62,14,0,b
62,15,1,g
62,16,0,b
62,17,1,y
62,18,1,g
62,19,0,b
62,20,0,b
62,21,0,b
62,22,1,m
62,23,0,b
62,24,0,b
62,25,1,g
62,26,0,b
62,27,1,o
62,28,0,b
62,29,1,y
62,30,0,b
62,31,1,y
62,32,0,b
62,33,1,g
62,34,0,b
62,35,1,m
62,36,0,b
62,37,0,b
62,38,1,m
62,39,0,b
62,40,1,g
62,41,0,b
62,42,1,o
62,43,0,b
62,44,0,b
62,45,0,b
62,46,1,o
62,47,1,m
62,48,0,b
62,49,0,b
62,50,0,b
62,51,0,b
62,52,0,b
62,53,0,b
62,54,1,g
62,55,0,b
62,56,1,g
62,57,1,g
62,58,0,b
62,59,1,o
62,60,1,m
62,61,1,g
62,62,1,m
62,63,1,r
63,0,1,r
63,1,1,r
63,2,1,r
63,3,1,r
63,4,1,r
63,5,1,r
63,6,1,r
63,7,1,r
63,8,1,r
63,9,1,r
63,10,1,r
63,11,1,r
63,12,1,r
63,13,1,r
63,14,1,r
63,15,1,r
63,16,1,r
63,17,1,r
63,18,1,r
63,19,1,r
63,20,1,r
63,21,1,r
63,22,1,r
63,23,1,r
63,24,1,r
63,25,1,r
63,26,1,r
63,27,1,r
63,28,1,r
63,29,1,r
63,30,1,r
63,31,1,r
63,32,1,r
63,33,1,r
63,34,1,r
63,35,1,r
63,36,1,r
63,37,1,r
63,38,1,r
63,39,1,r
63,40,1,r
63,41,1,r
63,42,1,r
63,43,1,r
63,44,1,r
63,45,1,r
63,46,1,r
63,47,1,r
63,48,1,r
63,49,1,r
63,50,1,r
63,51,1,r
63,52,1,r
63,53,1,r
63,54,1,r
63,55,1,r
63,56,1,r
63,57,1,r
63,58,1,r
63,59,1,r
63,60,1,r
63,61,1,r
63,62,1,r
63,63,1,r
